<?xml version="1.0"?>
<opencv_storage>
<cameraMatrix type_id="opencv-matrix">
  <rows>3</rows>
  <cols>3</cols>
  <dt>d</dt>
  <data>
    3.8477104556594549e+02 0. 3.1950000000000000e+02 0.
    3.8477104556594549e+02 2.3950000000000000e+02 0. 0. 1.</data></cameraMatrix>
<distCoeffs type_id="opencv-matrix">
  <rows>5</rows>
  <cols>1</cols>
  <dt>d</dt>
  <data>
    -3.5620796469765270e-01 1.8192805675000118e-01 0. 0.
    -5.0365853257798771e-02</data></distCoeffs>
</opencv_storage>
